2002.29       0.00     178.90
2002.35      19.66     102.47
2002.62     -60.16      83.09
2002.71      47.23      97.19
2002.79      63.39      61.82
2002.87     -68.73      58.68
2002.96     -51.36      59.19
2003.04     -48.77      64.73
2003.12    -199.17      48.10
2003.20    -171.15      42.95
2003.29     -44.51      43.58
2003.36      -0.26      48.24
2003.54    -129.15      37.86
2003.62    -122.78      39.87
2003.71    -131.08      39.61
2003.79     -48.52      40.19
2003.87    -107.01      40.89
2003.96    -272.47      39.82
2004.02    -329.21      43.72
2004.13    -493.03      40.46
2004.21    -342.42      37.97
2004.29    -388.29      37.56
2004.37    -156.94      38.36
2004.46    -189.36      37.47
2004.54    -314.25      34.08
2004.62    -166.94      35.44
2004.71    -161.51      36.20
2004.79     -86.14      33.33
2004.87    -226.65      36.02
2004.96    -306.02      35.33
2005.04    -395.39      33.76
2005.12    -456.93      35.22
2005.20    -405.65      34.97
2005.29    -252.27      34.30
2005.37    -228.24      35.04
2005.46    -203.92      35.16
2005.54    -159.77      33.88
2005.62    -209.82      34.19
2005.71    -113.27      33.91
2005.79    -106.98      33.17
2005.87     -59.63      33.08
2005.96    -159.36      38.45
2006.04    -225.87      34.46
2006.12    -318.54      35.03
2006.20    -183.48      35.19
2006.29    -158.50      35.23
2006.37     -83.44      35.51
2006.45     -49.05      37.90
2006.54     -98.69      37.37
2006.62      -8.35      36.14
2006.71     -20.30      37.96
2006.79     -97.25      37.00
2006.87     -90.41      36.85
2006.96    -235.29      37.92
2007.04    -440.01      38.38
2007.12    -431.05      37.94
2007.20    -361.93      37.66
2007.29    -337.53      37.77
2007.37    -179.26      37.57
2007.45    -191.92      38.38
2007.54    -268.41      37.52
2007.62    -229.72      39.45
2007.71    -157.56      39.17
2007.79    -246.91      39.51
2007.87    -439.50      40.82
2007.96    -521.57      39.77
2008.04    -731.19      39.43
2008.12    -609.28      41.45
2008.21    -741.21      40.25
2008.29    -560.83      42.17
2008.37    -473.84      40.75
2008.46    -559.06      40.38
2008.54    -652.55      40.84
2008.62    -603.98      40.15
2008.71    -444.03      40.44
2008.79    -534.16      39.48
2008.87    -520.88      40.89
2008.96    -624.72      40.43
2009.04    -707.60      39.60
2009.12    -682.37      39.72
2009.20    -617.06      39.33
2009.29    -580.76      36.58
2009.37    -553.59      35.97
2009.46    -540.41      35.73
2009.54    -435.65      36.75
2009.62    -466.68      34.71
2009.71    -480.30      33.67
2009.79    -535.40      33.92
2009.87    -521.51      33.46
2009.96    -631.99      33.43
2010.04    -802.69      33.03
2010.12    -807.42      32.76
2010.20    -687.92      34.51
2010.29    -759.68      32.20
2010.37    -780.82      32.63
2010.45    -793.85      38.44
2010.54    -998.45      35.63
2010.62    -927.32      34.62
2010.71    -848.08      36.40
2010.79    -880.44      38.44
2010.87    -901.18      39.59
2010.95    -913.10      40.67
2011.13   -1002.79      43.16
2011.20   -1018.47      41.62
2011.29   -1032.34      41.22
2011.37    -965.22      40.16
2011.54    -910.62      42.75
2011.62    -926.85      40.50
2011.71    -837.80      39.71
2011.79    -884.69      38.98
2011.83    -881.28      39.28
2012.00   -1148.82      39.05
2012.04   -1079.38      37.63
2012.12   -1142.45      38.79
2012.21   -1119.62      37.12
2012.26   -1057.85      43.32
2012.46   -1095.94      39.99
2012.54   -1062.65      38.80
2012.62    -983.85      37.70
2012.70    -946.87      41.16
2012.88   -1068.50      41.62
2012.96   -1117.94      39.53
2013.04   -1288.77      38.98
2013.12   -1397.24      40.16
2013.30   -1135.04      41.36
2013.37   -1239.73      37.57
2013.46   -1247.40      38.44
2013.54   -1209.61      37.79
2013.79   -1299.94      38.01
2013.87   -1348.96      36.03
2013.96   -1398.99      35.45
2014.02   -1504.90      40.12
2014.20   -1617.72      32.35
2014.29   -1536.49      33.19
2014.37   -1443.49      33.14
2014.45   -1486.35      35.04
2014.62   -1533.73      33.51
2014.71   -1360.33      33.00
2014.79   -1452.27      31.99
2014.88   -1527.64      31.56
2015.06   -1829.08      35.31
2015.12   -1905.03      56.93
2015.20   -1874.90      30.75
2015.29   -1852.99      32.24
2015.32   -1779.36      34.83
2015.53   -1743.59      37.19
2015.62   -1900.03      34.62
2015.70   -1850.62      36.97
2015.98   -1895.37      36.86
2016.04   -1918.59      35.36
2016.12   -1994.87      34.10
2016.21   -1929.86      35.08
2016.38   -1792.08      37.40
2016.46   -1776.86      34.44
2016.54   -1656.28      34.27
2016.64   -1602.40      36.53
2016.91   -1672.69      61.29
2016.98   -1585.97      61.17
2017.06   -1605.69      60.60
2017.25   -1932.27      61.91
2017.31   -1851.56      61.28
2017.36   -1816.01      59.90
2017.44   -1814.69      59.83
2018.45   -1984.65      35.10
2018.52   -1999.41      31.43
2018.83   -2258.70      30.30
2018.87   -2224.00      28.20
2018.96   -2277.89      27.41
2019.04   -2368.57      27.15
2019.12   -2411.46      27.11
2019.20   -2315.88      26.87
2019.29   -2135.39      27.61
2019.37   -2187.20      28.25
2019.45   -2279.94      28.98
2019.54   -2184.94      29.86
2019.62   -2233.96      30.70
2019.71   -2110.94      31.69
2019.79   -2295.36      32.52
2019.87   -2359.36      33.29
2019.96   -2408.52      39.37
2020.04   -2722.88      47.38
2020.12   -2827.56      55.91
2020.21   -2645.78      63.95
