1948  -22.174  -22.497  -20.300  -15.299   -5.536    0.609    3.714    1.499   -3.735   -9.156  -16.194  -23.981
1949  -23.600  -20.363  -17.323  -16.226   -7.415   -0.865    4.201    2.118   -3.104  -10.291  -15.567  -18.241
1950  -21.326  -22.311  -18.006  -14.354   -5.974    0.440    4.511    2.659   -3.981  -10.480  -16.835  -20.687
1951  -25.059  -23.428  -18.760  -13.857   -5.667    0.402    4.140    2.260   -2.259  -10.777  -18.334  -20.725
1952  -21.398  -20.680  -20.765  -14.757   -5.883    1.345    4.367    1.590   -2.509  -11.220  -16.147  -19.701
1953  -21.378  -21.502  -22.723  -12.344   -5.026    2.120    4.184    2.426   -3.942  -11.027  -15.062  -20.373
1954  -21.567  -21.797  -20.725  -12.394   -5.714    1.127    4.390    3.998   -3.633   -9.447  -15.216  -19.436
1955  -20.972  -22.567  -19.150  -14.411   -7.973    0.482    3.813    1.975   -2.894   -9.626  -19.054  -21.531
1956  -21.254  -19.691  -19.246  -13.938   -7.695    0.062    3.836    1.410   -4.539  -12.539  -15.561  -16.660
1957  -20.782  -19.882  -18.609  -12.722   -5.880    0.360    4.212    2.452   -4.155  -10.226  -17.325  -22.343
1958  -19.732  -20.650  -19.408  -16.327   -7.723    0.268    4.447    2.354   -4.449  -11.541  -17.966  -18.628
1959  -19.851  -21.566  -19.595  -13.817   -6.577    0.272    3.636    2.620   -3.602  -10.270  -14.276  -20.050
1960  -19.881  -21.567  -19.753  -15.046   -5.847    1.022    4.989    2.314   -4.237  -11.625  -16.826  -17.859
1961  -20.796  -22.396  -21.094  -15.129   -8.051    0.521    3.917    1.340   -4.253  -10.505  -17.448  -21.247
1962  -21.113  -21.107  -17.446  -14.549   -9.044   -0.293    2.854    1.470   -5.258  -12.236  -15.107  -20.457
1963  -22.161  -22.448  -22.694  -15.128   -7.439   -1.159    2.599    0.831   -5.207  -11.977  -17.761  -19.322
1964  -24.445  -20.855  -22.226  -16.992   -9.253   -0.695    2.739    2.489   -4.500  -11.859  -18.068  -19.735
1965  -21.841  -20.572  -19.854  -14.622   -7.941   -0.364    3.791    2.011   -3.885  -12.290  -14.130  -21.085
1966  -23.885  -21.524  -21.770  -15.541   -8.243   -0.671    3.602    2.620   -4.233  -12.880  -16.876  -17.394
1967  -22.634  -23.144  -19.033  -14.865   -7.355   -0.291    3.357    1.248   -3.460  -11.076  -17.187  -19.110
1968  -20.829  -21.879  -19.220  -13.994   -7.532   -0.118    3.785    2.093   -4.181  -11.318  -18.557  -21.651
1969  -19.571  -20.595  -21.727  -15.728   -7.450    0.220    3.459    1.929   -3.605  -10.226  -16.269  -17.203
1970  -19.854  -19.966  -18.219  -16.825   -7.788   -0.705    4.045    1.125   -3.790  -11.646  -16.598  -20.061
1971  -24.210  -19.495  -18.611  -15.291   -7.609    1.067    4.441    1.958   -3.287  -11.990  -18.002  -20.518
1972  -19.966  -22.103  -19.147  -15.838   -7.658   -0.789    3.581    1.259   -3.772  -10.790  -17.552  -20.241
1973  -21.313  -22.135  -19.685  -13.686   -7.446    0.756    3.521    2.059   -3.997  -11.449  -16.184  -20.106
1974  -19.104  -21.812  -17.807  -14.530   -7.904   -1.029    4.591    2.653   -3.775  -11.001  -18.306  -21.865
1975  -22.767  -20.094  -19.695  -14.473   -7.507   -0.772    3.222    1.341   -4.406  -12.045  -17.868  -20.763
1976  -20.569  -20.379  -17.446  -14.244   -8.208   -0.731    3.180    1.047   -2.924  -11.722  -17.355  -19.688
1977  -16.268  -21.160  -21.386  -15.350   -6.886    0.215    5.002    2.408   -4.489  -11.583  -15.938  -20.069
1978  -20.959  -21.772  -19.457  -14.907   -7.557   -1.550    3.946    1.608   -4.451  -11.767  -16.670  -19.467
1979  -20.084  -25.105  -19.592  -16.179   -8.128   -1.044    4.239    2.068   -3.881  -11.786  -17.191  -20.632
1980  -20.029  -19.740  -17.901  -15.316   -6.728    0.015    3.281    1.048   -4.618   -9.747  -18.309  -20.336
1981  -19.837  -20.486  -18.796  -14.128   -7.319    0.160    2.891    2.015   -3.935   -9.617  -14.740  -18.941
1982  -22.073  -19.899  -19.310  -15.709   -8.885   -1.024    3.680    1.814   -4.635  -11.986  -16.885  -19.143
1983  -21.345  -21.308  -18.012  -15.814   -7.931   -0.713    3.817    2.048   -3.901  -12.044  -16.024  -18.813
1984  -18.660  -20.814  -19.768  -15.963   -7.596    0.469    4.498    1.193   -3.114   -9.952  -16.820  -19.072
1985  -18.887  -21.009  -20.329  -16.350   -7.292    0.902    4.376    1.683   -3.468  -11.329  -14.949  -17.166
1986  -21.604  -19.874  -20.493  -15.966   -7.155   -0.554    2.942    0.704   -4.887  -11.601  -15.770  -19.811
1987  -21.399  -23.263  -20.478  -15.127   -7.847   -0.518    4.134    1.770   -4.873  -10.921  -17.765  -20.347
1988  -20.642  -19.126  -19.450  -15.784   -6.179    0.121    4.641    1.766   -4.052  -11.253  -17.413  -19.910
1989  -23.894  -19.567  -19.072  -13.910   -7.534   -0.532    3.234    2.462   -3.773  -11.626  -18.197  -18.446
1990  -19.200  -20.371  -18.180  -12.861   -5.666    1.323    4.493    2.710   -3.439  -11.942  -18.789  -20.950
1991  -20.114  -20.913  -18.818  -15.955   -6.380    0.133    4.786    2.342   -2.475  -11.197  -16.208  -19.352
1992  -21.582  -20.230  -17.742  -14.973   -8.531   -0.727    3.268    0.571   -4.388  -11.750  -16.404  -19.743
1993  -22.359  -20.276  -21.175  -14.255   -6.518    1.027    4.119    1.774   -3.922  -10.901  -16.522  -21.116
1994  -20.122  -20.044  -19.884  -13.269   -6.873    0.533    4.163    1.316   -4.722  -10.408  -17.115  -19.620
1995  -19.760  -18.207  -19.299  -10.430   -6.158    0.543    4.384    2.823   -2.161  -10.751  -14.825  -20.697
1996  -19.865  -20.559  -17.630  -13.283   -7.411   -1.090    3.017    0.898   -4.689  -11.431  -12.652  -18.577
1997  -23.218  -21.244  -17.115  -14.669   -6.978    0.462    3.710    0.643   -2.847  -10.323  -15.518  -20.661
1998  -19.778  -23.452  -18.623  -12.733   -7.590    0.489    5.553    2.839   -3.370  -11.340  -13.762  -18.396
1999  -20.978  -20.371  -18.142  -14.471   -7.458   -0.021    4.248    2.695   -3.390  -11.603  -15.848  -18.592
2000  -20.763  -18.448  -17.023  -13.362   -7.719    0.173    3.529    2.041   -4.234  -10.127  -15.351  -18.309
2001  -20.127  -19.630  -19.809  -15.747   -8.145    0.339    4.312    3.094   -2.276  -10.031  -15.008  -16.097
2002  -20.136  -22.678  -16.211  -15.417   -6.184    0.945    4.199    3.309   -2.975   -7.912  -14.248  -17.278
2003  -19.633  -20.738  -18.854  -12.843   -6.171    0.528    4.363    2.947   -2.146   -8.164  -14.433  -18.915
2004  -19.552  -21.205  -19.534  -12.075   -6.178    0.745    5.192    3.134   -2.911   -9.338  -16.019  -19.132
2005  -16.939  -17.432  -18.018  -13.351   -5.159    2.781    4.861    3.059   -2.867   -9.147  -13.336  -16.123
2006  -18.034  -17.981  -17.148  -12.229   -4.670    0.550    5.065    2.677   -1.806   -8.317  -14.053  -17.335
2007  -18.941  -17.827  -18.392  -10.826   -6.555    2.355    5.566    3.839   -2.151   -8.077  -14.216  -16.678
2008  -20.145  -19.354  -18.335  -13.116   -5.511    0.644    4.868    3.467   -1.799   -9.617  -14.299  -17.227
2009  -17.800  -20.032  -19.153  -14.590   -6.177    0.032    4.941    2.770   -2.177   -8.592  -14.155  -16.021
2010  -19.524  -18.094  -16.385  -10.709   -4.384    1.552    4.605    3.049   -2.081   -8.002  -13.759  -17.569
2011  -17.928  -18.853  -16.361  -12.982   -5.412    2.037    5.463    3.674   -1.742   -9.062  -14.723  -17.201
2012  -17.673  -17.658  -17.791  -12.010   -5.309    2.235    5.216    2.841   -1.397   -8.157  -13.036  -17.361
2013  -18.339  -21.024  -17.537  -12.315   -6.848    0.612    4.732    2.254   -2.538   -9.275  -15.748  -16.756
2014  -17.694  -16.443  -15.323  -12.938   -6.863    0.307    4.213    2.787   -3.312   -8.712  -14.144  -17.136
2015  -18.992  -20.119  -16.479  -11.820   -6.537    1.277    5.295    2.334   -2.341   -8.234  -13.135  -17.947
2016  -14.178  -15.208  -15.288  -11.098   -5.011    0.939    4.946    2.254   -0.435   -6.029  -11.115  -16.525
2017  -18.222  -17.648  -16.116  -12.024   -6.488    0.564    4.020    2.258   -1.769 -999.999 -999.999 -999.999
