2002.29       0.00     113.95
2002.35      14.61      66.61
2002.62    -242.44      53.12
2002.71    -265.41      64.19
2002.79    -279.50      39.55
2002.87    -246.00      36.89
2002.96    -184.10      38.74
2003.04    -164.07      41.35
2003.12    -171.23      32.48
2003.20     -81.75      29.24
2003.29     -28.04      28.80
2003.36       1.18      30.25
2003.54    -194.15      22.26
2003.62    -360.77      23.27
2003.71    -417.66      23.55
2003.79    -398.06      23.89
2003.87    -355.90      23.24
2003.96    -363.45      23.06
2004.02    -385.72      26.92
2004.13    -372.86      23.11
2004.21    -344.13      21.80
2004.29    -248.23      21.81
2004.37    -269.57      22.03
2004.46    -325.01      21.95
2004.54    -408.70      19.79
2004.62    -542.25      20.39
2004.71    -536.92      21.42
2004.79    -613.81      19.32
2004.87    -561.17      20.75
2004.96    -571.04      20.57
2005.04    -563.76      19.57
2005.12    -471.50      20.67
2005.20    -422.56      20.80
2005.29    -403.22      20.74
2005.37    -429.58      21.06
2005.46    -467.23      21.73
2005.54    -585.59      20.92
2005.62    -760.60      20.67
2005.71    -844.55      20.47
2005.79    -896.66      20.24
2005.87    -883.47      19.71
2005.96    -760.73      24.74
2006.04    -757.43      21.19
2006.12    -691.38      21.29
2006.20    -661.19      20.80
2006.29    -725.00      21.36
2006.37    -714.66      21.26
2006.45    -674.03      22.76
2006.54    -778.16      22.54
2006.62    -930.59      21.39
2006.71   -1035.27      22.61
2006.79   -1007.69      22.53
2006.87    -984.12      22.08
2006.96    -971.65      22.71
2007.04    -934.98      23.70
2007.12    -924.25      22.94
2007.20    -935.46      22.45
2007.29    -902.42      22.76
2007.37    -883.09      22.38
2007.45    -889.08      22.94
2007.54   -1086.75      22.39
2007.62   -1302.22      24.27
2007.71   -1365.98      22.98
2007.79   -1328.54      23.96
2007.87   -1324.16      24.70
2007.96   -1269.01      22.88
2008.04   -1262.37      22.77
2008.12   -1240.03      24.08
2008.21   -1159.21      22.66
2008.29   -1181.75      24.75
2008.37   -1258.31      23.61
2008.46   -1254.73      23.00
2008.54   -1400.06      24.09
2008.62   -1562.84      23.71
2008.71   -1588.21      23.38
2008.79   -1595.10      22.70
2008.87   -1523.60      23.81
2008.96   -1483.06      23.15
2009.04   -1420.35      23.25
2009.12   -1403.48      23.82
2009.20   -1464.96      23.21
2009.29   -1484.56      21.53
2009.37   -1470.91      21.93
2009.46   -1410.18      22.20
2009.54   -1485.90      23.21
2009.62   -1664.46      22.35
2009.71   -1804.70      20.47
2009.79   -1780.28      20.98
2009.87   -1784.12      20.56
2009.96   -1673.23      20.39
2010.04   -1710.59      20.06
2010.12   -1715.52      19.85
2010.20   -1663.18      21.47
2010.29   -1692.20      19.63
2010.37   -1664.31      20.39
2010.45   -1726.70      24.62
2010.54   -1941.70      22.10
2010.62   -2159.59      20.46
2010.71   -2302.98      21.44
2010.79   -2248.41      23.25
2010.87   -2243.61      24.33
2010.96   -2188.51      25.15
2011.13   -2198.57      27.72
2011.20   -2153.59      25.62
2011.29   -2141.83      25.21
2011.37   -2139.17      25.00
2011.55   -2382.57      26.99
2011.62   -2563.24      25.11
2011.71   -2643.41      23.68
2011.79   -2614.74      22.92
2011.83   -2679.61      23.70
2012.00   -2655.17      23.69
2012.04   -2641.92      22.71
2012.12   -2605.74      24.54
2012.21   -2517.14      23.07
2012.27   -2476.37      28.52
2012.46   -2556.12      25.14
2012.54   -2793.76      23.72
2012.62   -3075.35      23.07
2012.70   -3166.01      25.78
2012.89   -3142.52      27.26
2012.96   -3110.66      24.93
2013.04   -3091.58      24.19
2013.12   -3039.10      25.93
2013.30   -3071.53      26.54
2013.37   -3038.67      23.19
2013.46   -3008.85      23.65
2013.54   -3135.19      23.56
2013.79   -3226.70      24.65
2013.87   -3171.18      23.80
2013.96   -3182.49      23.42
2014.02   -3151.13      28.00
2014.21   -3127.28      19.98
2014.29   -3113.86      20.57
2014.37   -3095.46      20.81
2014.45   -3127.45      22.81
2014.62   -3449.32      21.27
2014.71   -3496.04      20.14
2014.79   -3446.00      19.23
2014.88   -3410.67      18.97
2015.06   -3348.30      21.43
2015.12   -3276.05      25.12
2015.20   -3266.61      15.68
2015.29   -3267.63      16.89
2015.32   -3278.22      18.40
2015.53   -3476.59      19.95
2015.62   -3632.79      18.79
2015.70   -3610.77      21.87
2015.97   -3609.53      23.71
2016.04   -3583.23      22.90
2016.12   -3553.32      22.64
2016.21   -3546.04      24.00
2016.38   -3495.17      27.23
2016.46   -3522.20      27.41
2016.54   -3696.12      29.37
2016.64   -3905.51      37.93
2016.91   -3802.70      57.38
2016.98   -3800.21      61.10
2017.06   -3778.74      77.84
