2002.29       0.00     134.28
2002.35      65.58      70.59
2002.62    -219.95      53.36
2002.71    -245.50      64.95
2002.79    -208.23      39.05
2002.87    -210.75      35.79
2002.96    -192.86      36.71
2003.04    -148.43      41.40
2003.12    -159.20      29.73
2003.20     -91.57      25.92
2003.29     -45.87      25.76
2003.36     -39.11      28.20
2003.54    -215.22      21.24
2003.62    -352.46      22.00
2003.71    -394.04      22.31
2003.79    -391.44      22.74
2003.87    -394.12      22.48
2003.96    -353.33      22.31
2004.02    -377.82      25.92
2004.13    -384.54      22.51
2004.21    -363.41      21.05
2004.29    -300.10      21.09
2004.37    -317.63      21.34
2004.46    -336.20      21.21
2004.54    -433.69      19.09
2004.62    -558.57      19.86
2004.71    -598.86      20.83
2004.79    -619.85      18.79
2004.87    -576.74      20.53
2004.96    -550.96      20.55
2005.04    -565.97      19.55
2005.12    -543.41      20.46
2005.20    -498.43      20.51
2005.29    -490.54      20.33
2005.37    -454.57      20.55
2005.46    -500.96      20.90
2005.54    -630.13      20.08
2005.62    -821.18      19.86
2005.71    -886.16      19.72
2005.79    -876.16      19.50
2005.87    -873.91      18.99
2005.96    -825.10      23.51
2006.04    -848.56      20.40
2006.12    -800.51      20.53
2006.20    -778.32      20.26
2006.29    -804.68      20.65
2006.37    -792.43      20.41
2006.45    -805.22      22.18
2006.54    -891.82      22.05
2006.62   -1017.18      20.53
2006.71   -1078.82      21.77
2006.79   -1065.64      21.40
2006.87   -1092.92      20.86
2006.96   -1102.51      21.41
2007.04   -1069.44      22.08
2007.12   -1026.77      21.49
2007.20   -1035.11      20.81
2007.29   -1022.65      21.33
2007.37   -1011.53      20.97
2007.45   -1030.37      21.23
2007.54   -1160.73      21.02
2007.62   -1358.78      22.52
2007.71   -1421.21      22.09
2007.79   -1448.43      22.80
2007.87   -1423.53      23.63
2007.96   -1364.45      22.40
2008.04   -1324.77      22.49
2008.12   -1343.45      24.10
2008.21   -1287.74      22.49
2008.29   -1309.02      24.36
2008.37   -1322.18      23.25
2008.46   -1324.04      22.23
2008.54   -1472.66      23.06
2008.62   -1634.52      22.50
2008.71   -1697.45      22.33
2008.79   -1686.04      22.18
2008.87   -1613.36      23.70
2008.96   -1539.88      23.08
2009.04   -1520.64      22.94
2009.12   -1567.24      23.44
2009.20   -1566.38      22.93
2009.29   -1546.18      20.98
2009.37   -1529.64      20.79
2009.46   -1537.27      20.45
2009.54   -1646.04      21.89
2009.62   -1856.07      20.85
2009.71   -1911.23      19.96
2009.79   -1883.52      20.57
2009.87   -1867.91      20.47
2009.96   -1842.58      20.22
2010.04   -1845.28      19.95
2010.12   -1826.86      19.78
2010.20   -1813.71      20.95
2010.29   -1837.44      19.08
2010.37   -1803.83      19.39
2010.45   -1910.82      23.42
2010.54   -2086.86      20.32
2010.62   -2282.11      19.47
2010.71   -2382.13      20.23
2010.79   -2344.17      21.78
2010.87   -2361.80      22.91
2010.95   -2344.15      23.48
2011.13   -2320.14      26.47
2011.20   -2307.11      24.50
2011.29   -2301.36      23.66
2011.37   -2322.34      22.91
2011.54   -2512.47      24.27
2011.62   -2706.81      22.74
2011.71   -2764.25      21.63
2011.79   -2787.11      20.78
2011.83   -2784.94      21.22
2012.00   -2725.25      20.43
2012.04   -2735.29      19.47
2012.12   -2716.84      20.90
2012.21   -2671.87      19.20
2012.26   -2660.08      23.08
2012.46   -2687.90      21.13
2012.54   -2920.38      20.10
2012.62   -3229.53      20.02
2012.70   -3333.02      22.37
2012.88   -3265.89      22.92
2012.96   -3250.72      20.87
2013.04   -3248.25      20.39
2013.12   -3239.44      22.08
2013.30   -3238.67      22.79
2013.37   -3201.54      20.22
2013.46   -3183.01      20.76
2013.54   -3295.27      20.22
2013.79   -3357.24      20.13
2013.87   -3358.72      19.50
2013.96   -3347.21      19.17
2014.02   -3333.37      22.93
2014.20   -3277.45      17.07
2014.29   -3266.79      17.46
2014.37   -3267.15      17.76
2014.45   -3306.13      19.27
2014.62   -3591.68      18.08
2014.71   -3630.56      17.47
2014.79   -3611.51      16.66
2014.88   -3606.60      16.71
2015.06   -3520.66      19.55
2015.12   -3526.80      33.53
2015.20   -3481.69      15.05
2015.29   -3473.69      15.84
2015.32   -3470.00      16.95
2015.53   -3657.25      18.02
2015.62   -3790.69      17.47
2015.70   -3829.36      19.26
2015.98   -3768.59      20.01
2016.04   -3715.54      18.43
2016.12   -3737.68      17.34
2016.21   -3736.59      17.48
2016.38   -3702.89      18.72
2016.46   -3698.81      17.74
2016.54   -3874.55      18.46
2016.64   -4127.14      21.23
2016.91   -4002.01      41.30
2016.98   -4066.94      41.14
2017.06   -4015.14      41.13
2017.25   -4007.54      40.96
2017.31   -3972.47      40.29
2017.36   -3963.71      39.48
2017.44   -3998.27      39.07
2018.45   -4043.26      19.95
2018.52   -4067.80      18.77
2018.83   -4207.73      18.44
2018.87   -4173.37      16.78
2018.96   -4184.59      16.18
2019.04   -4189.10      15.93
2019.12   -4214.65      16.17
2019.20   -4235.51      15.93
2019.29   -4219.78      16.66
2019.37   -4201.44      17.51
2019.45   -4257.29      18.42
2019.54   -4459.91      19.15
2019.62   -4689.52      20.20
2019.71   -4781.95      21.47
2019.79   -4766.16      21.91
2019.87   -4723.10      22.85
2019.96   -4727.16      29.08
2020.04   -4764.09      36.34
2020.12   -4715.75      44.36
2020.21   -4751.14      51.78
