1.232748301369863242e+01
1.233324127397260206e+01
1.213283939726027505e+01
1.244806466027397285e+01
1.233451892328767130e+01
1.191325305205479168e+01
1.199875412602739644e+01
1.220673652054794367e+01
1.215147635502958501e+01
1.207533929914529836e+01
1.196854409315068501e+01
1.169807098904109566e+01
1.174548721095890613e+01
1.210596170684931572e+01
1.192230714794520630e+01
1.201038366027397153e+01
1.141915844657534329e+01
1.183627927945205371e+01
1.166434261095890434e+01
1.175983287397260391e+01
1.169656368219177978e+01
1.150400686027397334e+01
1.159754610684931464e+01
1.136335815616438438e+01
1.139803136712328779e+01
1.124189449315068323e+01
1.090740869589041040e+01
1.077386259178082106e+01
1.047346704383561544e+01
1.097308741095890383e+01
1.093083735616438190e+01
1.072252321095890260e+01
1.047317341369863009e+01
1.040385709863013730e+01
1.089753980000000055e+01
1.078431012054794458e+01
1.057280929863013519e+01
1.016920181643835619e+01
1.037369963835616282e+01
