1.232210439560439319e+01
1.233399453551912117e+01
1.213502185792349586e+01
1.243963186813186539e+01
1.233732240437158012e+01
1.191370491803279208e+01
1.198674725274725894e+01
1.220620218579235328e+01
1.138095909090908542e+01
1.208923512747874796e+01
1.196791780821918572e+01
1.169673150684930896e+01
1.174684383561643131e+01
1.211044262295081886e+01
1.192273424657533987e+01
1.201076164383561284e+01
1.141718082191781569e+01
1.184090983606557579e+01
1.166613972602739402e+01
1.175838630136986040e+01
1.169391506849314943e+01
1.150774316939890163e+01
1.159952328767122864e+01
1.136290136986299260e+01
1.139775342465752672e+01
1.124225956284153050e+01
1.090702465753424200e+01
1.077261369863013485e+01
1.047412602739726495e+01
1.097809289617486250e+01
1.093136712328766080e+01
1.071422191780822253e+01
1.048051780821917234e+01
1.040721584699453395e+01
1.089748493150685782e+01
1.078954246575341891e+01
1.056718356164383366e+01
1.016457650273223656e+01
1.039410136986300870e+01
1.035371780821917476e+01
1.018393698630136868e+01
