1.235000000000000142e+01
1.234833333333333449e+01
1.214666666666666650e+01
1.246750000000000114e+01
1.235333333333333350e+01
1.192000000000000171e+01
1.201583333333333314e+01
1.222416666666666707e+01
1.216272727272727217e+01
1.193818181818181756e+01
1.198666666666666458e+01
1.171750000000000114e+01
1.176999999999999780e+01
1.212166666666666792e+01
1.194666666666666544e+01
1.203250000000000064e+01
1.143833333333333258e+01
1.184833333333332916e+01
1.169166666666666821e+01
1.178166666666666629e+01
1.171333333333333293e+01
1.151916666666666877e+01
1.162249999999999694e+01
1.138499999999999979e+01
1.141916666666666735e+01
1.125083333333333435e+01
1.092750000000000021e+01
1.079416666666666735e+01
1.049833333333333307e+01
1.099000000000000021e+01
1.095583333333333265e+01
1.073416666666666863e+01
1.050583333333333336e+01
1.041999999999999993e+01
1.091916666666666735e+01
1.081250000000000000e+01
1.058916666666666551e+01
1.017583333333333151e+01
1.041499999999999737e+01
1.037833333333333385e+01
1.021083333333333343e+01
