2.539095890410959200e+01
2.464840547945205529e+01
2.223686027397260290e+01
2.167545205479451909e+01
2.335374794520548036e+01
2.289452602739726217e+01
2.305238082191781146e+01
2.385088219178082269e+01
2.415155342465753208e+01
2.348710410958904404e+01
2.312669863013698190e+01
2.242347123287671096e+01
2.259634520547945513e+01
2.292921917808218879e+01
2.196332328767123343e+01
2.229960000000000164e+01
2.030129041095890230e+01
2.107255068493150674e+01
2.159444383561643832e+01
2.101250136986301342e+01
2.039396164383561683e+01
1.963368493150684913e+01
2.008710410958904191e+01
1.960292054794520666e+01
1.897098630136986230e+01
1.845923287671232771e+01
1.788051780821917802e+01
1.721947945205479513e+01
1.547999999999999865e+01
1.657648219178082627e+01
1.608277534246575158e+01
1.448616164383561866e+01
1.367532602739726144e+01
1.351189863013698655e+01
1.437339999999999840e+01
1.525533698630137103e+01
1.536375890410958966e+01
1.359144931506849296e+01
1.286353698630137110e+01
1.383182465753424673e+01
1.347635068493150712e+01
