-2.453657448753091275e-01
-1.087851093922428958e-01
-2.545984880563872954e-03
-4.561094795310224881e-02
-1.620380832964552209e-01
-1.670241304203244626e-01
-1.049047672340643889e-01
-5.832320928219680845e-02
1.529257138108837122e-01
4.051541991885775074e-02
-3.510718368881668439e-02
6.455531239863508686e-02
-2.239833224210863172e-02
1.294734206831085199e-01
-1.129911775851620004e-01
-1.417393899673593805e-01
-7.253809066756294888e-02
-7.175213016215686856e-02
1.016424368179116855e-02
-2.570160333955015530e-02
2.392560077564194476e-02
2.110836054241929660e-02
1.159251023427818467e-01
1.728732612764465326e-01
9.792429539418492923e-02
2.702669801350064405e-01
9.100982116889233531e-02
8.899465596036387760e-02
9.716369689796144904e-02
2.068563448735204757e-01
3.206323995724943421e-01
2.624286874667433045e-01
2.495270063018428797e-01
3.373544131254779810e-01
5.555811687842634461e-01
4.679213931943603244e-01
3.682423869307465680e-01
3.660445649957286829e-01
